	 0.9999979550482585	 -1.363621252397129e-05	 7.810472937334163e-06	 3.999994981888893	 -1.821308745620944e-05	 1.035452862657498e-05
	 -1.282225688618185e-05	 1.000006519505126	 -1.041399928200473e-05	 -1.729365504238624e-05	 4.000005544286165	 -1.516757980664791e-05
	 8.607743065555048e-06	 -1.220514135362559e-05	 0.9999953289748181	 1.125498970499639e-05	 -1.719034598641543e-05	 3.999990102843709
	 0.999996809379072	 -2.13042954289848e-05	 1.221574996304484e-05	 4.999991083947038	 -3.555286822295931e-05	 2.02843238252608e-05
	 -2.002087377124745e-05	 1.000010154023186	 -1.627089275616904e-05	 -3.365732377007076e-05	 5.000011919874344	 -2.913418558066953e-05
	 1.347283160367686e-05	 -1.909493831711183e-05	 0.9999927269589122	 2.214072546663566e-05	 -3.33041308288772e-05	 4.99998214460349 
	 0.9999954121665853	 -3.067489347479538e-05	 1.760780848659646e-05	 5.999985618687576	 -6.140947557358291e-05	 3.51383144623528e-05
	 -2.880979524135143e-05	 1.000014574407936	 -2.342843761425855e-05	 -5.800124574573819e-05	 6.000021805414834	 -4.977716723496914e-05
	 1.943458343116441e-05	 -2.753214914276923e-05	 0.9999895637076451	 3.847608348196907e-05	 -5.727423865313787e-05	 5.999970882068841
	 0.9999937645347315	 -4.174746084404775e-05	 2.398951613446819e-05	 6.999978334746147	 -9.74820765488719e-05	 5.592040284914704e-05
	 -3.918540314274007e-05	 1.000019772469561	 -3.188612796905355e-05	 -9.18944586170374e-05	 7.000035928385167	 -7.839779436294599e-05
	 2.649886652505627e-05	 -3.752297873900306e-05	 0.9999858456245341	 6.139234731640958e-05	 -9.06878429991683e-05	 6.999955782183401
	 0.9999918676144113	 -5.452145547063105e-05	 3.136374681628561e-05	 7.999968982837688	 -0.0001454687411910803	 8.364025523554824e-05
	 -5.114396992270711e-05	 1.000025739882377	 -4.164335514003404e-05	 -0.0001368979839663771	 8.000054998623172	 -0.0001162956839075847
	 3.467166541617829e-05	 -4.907377548511809e-05	 0.9999815792278846	 9.203332003371857e-05	 -0.0001351455720023244	 7.999936325195079
	 0.9999897225432467	 -6.899633867515299e-05	 3.973338053462722e-05	 8.999957315761488	 -0.0002070664456795713	 0.0001193133164162929
	 -6.468165784021206e-05	 1.000032468184332	 -5.269940650668945e-05	 -0.0001945644895042389	 9.000079707896919	 -0.0001647684832402534
	 4.395908138063749e-05	 -6.219103087587202e-05	 0.9999767711514648	 0.0001315556708661759	 -0.000192261932501465	 8.999912004988937
	 0.9999873304652763	 -8.517157471840762e-05	 4.910130314427307e-05	 9.999943088404777	 -0.0002839710732728586	 0.0001639608231600668
	 -7.979451868555943e-05	 1.000039948777226	 -6.505346477649453e-05	 -0.0002664379525416843	 10.00011072947895	 -0.0002251115522785202
	 5.436733200160246e-05	 -7.688137827858414e-05	 0.9999714281446622	 0.0001811292771763103	 -0.0002636657249711417	 9.999882329418327
	 0.9999846925306499	 -0.000103046630357458	 5.947040610967035e-05	 10.99992605774509	 -0.0003778774134508562	 0.0002186098166723471
	 -9.647849350208403e-05	 1.000048172926932	 -7.870460725372126e-05	 -0.0003540533224764106	 11.0001487177216 	 -0.0002986176427874554
	 6.590275072959254e-05	 -9.315159169256657e-05	 0.9999655570726351	 0.0002419375645241205	 -0.000351000453283162	 10.99984682063657
	 0.9999818098954917	 -0.0001226209746398394	 7.084358639973762e-05	 11.99990598285338	 -0.0004904791619714107	 0.0002842931556778001
	 -0.0001147294107812902	 1.000057131761487	 -9.365180384429342e-05	 -0.0004589361647794737	 12.0001943076089 	 -0.0003865765603792922
	 7.857178830741391e-05	 -0.0001110085871249808	 0.9999591649180036	 0.0003151778662261858	 -0.0004559247592880461	 11.99980501544681
	 0.999978683722707	 -0.0001438940800168244	 8.322374716390572e-05	 12.99988262490756	 -0.0006234689360237311	 0.0003620495385368624
	 -0.0001345429759657201	 1.000066816257045	 -0.0001098939078449725	 -0.0005826021927400689	 13.00024811415366	 -0.0004902747315330004
	 9.238102477816614e-05	 -0.0001304594387401985	 0.9999522587913213	 0.0004020619164913638	 -0.0005801130415524893	 12.99975646576431
	 0.9999753151824311	 -0.0001668654229516407	 9.66137981147697e-05	 13.99985574720368	 -0.0007785382866574508	 0.0004529235239054821
	 -0.0001559147638850358	 1.000077217227999	 -0.0001274296491107234	 -0.0007265567993142757	 14.00031073179712	 -0.0006109947682966814
	 0.0001073371778296128	 -0.0001515113898198898	 0.9999448459385704	 0.0005038163391469655	 -0.0007252560648123854	 13.99970073907691
	 0.9999717054517062	 -0.0001915344834490693	 0.0001110166552723779	 14.99982511515801	 -0.000957377698815518	 0.0005579655441819152
	 -0.0001788402180708612	 1.000088325326745	 -0.0001462576328950053	 -0.0008922946532150922	 15.00038273390131	 -0.0007500150836949436
	 0.0001234471027070179	 -0.0001741718519045161	 0.9999369337416976	 0.0006216830539395797	 -0.0008930614510000983	 14.99963741883974
	 0.9999678557141196	 -0.0002179007445323704	 0.000126435240673645	 15.99979049630739	 -0.001161676588681323	 0.0006782319174405304
	 -0.0002033146504316091	 1.000100131043955	 -0.0001663763389863528	 -0.001081299297634548	 16.00046467224802	 -0.0009086095069270276
	 0.0001407177916867803	 -0.0001984484033232813	 0.9999285297187834	 0.000756919675955066	 -0.001085254157692459	 15.99956610486671
	 0.9999637671594419	 -0.000245963691723332	 0.0001428724820797014	 16.99975166030807	 -0.001393123298941423	 0.0008147848581869538
	 -0.0002293332409295918	 1.000112624708853	 -0.0001877841208459589	 -0.001295042747860857	 17.00055707653922	 -0.001088046895264349
	 0.0001591563735484727	 -0.0002243487877271013	 0.9999196415242059	 0.0009107999127376806	 -0.001303576950436056	 16.99948641372244
	 0.9999594409835397	 -0.0002757228129066395	 0.000160331312910664	 17.99970837893798	 -0.001653405098640879	 0.0009686924909333204
	 -0.0002568910346066121	 1.000125796485811	 -0.0002104792025260415	 -0.001534985041440604	 18.00066045383443	 -0.001289590703880776
	 0.0001787701162446052	 -0.0002518809170709178	 0.9999102769514744	 0.001084614014994325	 -0.001549790946660003	 17.99939797916152
	 0.9999548783900294	 -0.0003071776006069544	 0.0001788146736388513	 18.99966042612945	 -0.001944208226165927	 0.001141028889933448
	 -0.0002859829215430462	 1.000139636347314	 -0.0002344596612661704	 -0.001802573467455655	 19.00077528754569	 -0.001514498284380543
	 0.0001995664500914466	 -0.0002810529030120391	 0.9999004439532807	 0.001279669609524113	 -0.001825676686291333	 18.99930045288978
	 0.9999500805913828	 -0.0003403275534976827	 0.0001983255127309243	 19.99960757799607	 -0.002267217925607268	 0.001332874115241289
	 -0.0003166036214419586	 1.000154134053456	 -0.000259723413863644	 -0.002099241811483775	 20.0009020364576 	 -0.001764020192729851
	 0.0002215529852232953	 -0.000311873080220361	 0.9998901506568584	 0.001497292506340134	 -0.002133035161641961	 19.99919350530682
	 0.9999450488085435	 -0.0003751721758398507	 0.0002188667863439065	 20.99954961283428	 -0.002624118448286262	 0.001545314227965022
	 -0.0003487476823413497	 1.000169279151093	 -0.0002862682148260789	 -0.002426409817865363	 21.00104113405299	 -0.002039399675526291
	 0.0002447375119446404	 -0.0003443500059037541	 0.9998794053650737	 0.001738827237958517	 -0.002473688471107351	 20.99907682602761
	 0.9999397842704515	 -0.0004117109767987439	 0.0002404414579427727	 21.99948631112142	 -0.003016593049487247	 0.001779441302717288
	 -0.0003824094801983246	 1.000185060974214	 -0.0003140916552508768	 -0.002785482664910178	 22.00119298786029	 -0.002341872163962698
	 0.0002691280000306082	 -0.000378492457875837	 0.9998682165566324	 0.002005637578312494	 -0.002849480440712412	 21.9989501243904 
	 0.9999342882135693	 -0.0004499434697646486	 0.0002630524979153652	 22.99941745551213	 -0.003446323982500908	 0.002036353438498301
	 -0.000417583218476491	 1.000201468644312	 -0.0003431911617063346	 -0.00317785043873917	 23.001357978803  	 -0.002672664763533526
	 0.000294732598025126	 -0.0004143094326276787	 0.9998565928862785	 0.002299107058582901	 -0.003262277237617901	 22.99881312996507
	 0.999928561881671	 -0.0004898691720403339	 0.0002867028834070459	 23.99934283083887	 -0.003914992498514362	 0.002317154773220327
	 -0.0004542629250204518	 1.000218491067021	 -0.0003735639928173284	 -0.003604887542014561	 24.0015364604631 	 -0.003032995685579771
	 0.0003215596357703025	 -0.000451810147862528	 0.9998445431877209	 0.002620639555845565	 -0.003713968080303289	 23.99866559312624
	 0.9999226065277077	 -0.0005314876073842232	 0.0003113955999136539	 24.99926222416108	 -0.004424278914160559	 0.002622955540031727
	 -0.0004924424272051676	 1.000236116898911	 -0.0004052072174234774	 -0.004067951565864138	 25.00172875760982	 -0.003424073220812968
	 0.0003496176527371969	 -0.0004910040804753627	 0.999832076498437	 0.002971660514544412	 -0.004206466814640455	 24.99850728616505
	 0.9999164234152806	 -0.0005747983080028942	 0.0003371336425504954	 25.9991754248093 	 -0.004975862674056952	 0.002954872121048364
	 -0.0005321153302314911	 1.000254334518763	 -0.0004381176952750377	 -0.004568382151844193	 26.00193516471985	 -0.003847094698863803
	 0.0003789154224070717	 -0.0005319009989342466	 0.9998192020812763	 0.003353618169757663	 -0.004741713485140567	 25.9983380044068 
	 0.9999100138181736	 -0.0006198008138696882	 0.0003639200156809608	 26.99908222438457	 -0.005571422352411589	 0.003314027063927376
	 -0.0005732750150300843	 1.0002731320259  	 -0.000472292074260159	 -0.005107500272453503	 27.00215594507924	 -0.004303245796982395
	 0.0004094619532112477	 -0.0005745109633200381	 0.9998059294262911	 0.003767984263899272	 -0.005321675202524134	 26.99815756690479
	 0.999903379019732	 -0.0006664946718375809	 0.0003917577324125843	 27.99898241675203	 -0.006212635646406394	 0.003701549093469422
	 -0.0006159146377318911	 1.000292497240687	 -0.0005077267889534377	 -0.005686607545078209	 28.00239132993648	 -0.004793699872912238
	 0.0004412664876042793	 -0.0006188443227983377	 0.9997922682509842	 0.004216254717412489	 -0.005948346942909114	 27.99796581709927
	 0.9998965203122441	 -0.0007148794347574339	 0.0004206498140896673	 28.99887579803208	 -0.006901179366133117	 0.004118573121136831
	 -0.0006600271291429782	 1.00031241770504 	 -0.000544418059166971	 -0.006306985544268041	 29.00264151765828	 -0.005319617292291952
	 0.0004743385011340989	 -0.0006649117130965987	 0.9997782285005459	 0.004699950295342662	 -0.006623752336483153	 28.99776262347701
	 0.9998894389964962	 -0.0007649546608413778	 0.0004505992899324212	 29.99876216659429	 -0.007638729428176333	 0.004566240256890478
	 -0.0007056051922835772	 1.000332880680286	 -0.0005823618868449902	 -0.006969895055192567	 30.00290667280996	 -0.005882144701717202
	 0.0005086877037900577	 -0.0007127240571051455	 0.9997638203500314	 0.0052206173369932	 -0.007349944537600438	 29.9975478802889 
	 0.9998821363832162	 -0.0008167199156022765	 0.0004816091982889464	 30.99864132310578	 -0.008426960924359897	 0.005045697868286032
	 -0.000752641278795493	 1.000353873116219	 -0.0006215540348469959	 -0.007676574679762157	 31.00318692435738	 -0.006482413743278234
	 0.0005443240661398389	 -0.0007622925992781337	 0.9997490542277756	 0.005779829238851143	 -0.008129008117215229	 30.99732150891604
	 0.9998746137945554	 -0.0008701747738371141	 0.000513682587928135	 31.99851307058402	 -0.009267548198212716	 0.005558099644991731
	 -0.0008011275639437582	 1.000375381618407	 -0.0006619900043988311	 -0.008428239316335111	 32.00348236370407	 -0.007121539653621245
	 0.0005812578469162521	 -0.0008136289418325471	 0.9997339408401902	 0.006379188073517492	 -0.008963061131030833	 31.99708345935849
	 0.9998668725635386	 -0.0009253188188347471	 0.0005468225175955192	 32.99837721439015	 -0.01016216484108081	 0.006104605613267827
	 -0.0008510559435702082	 1.000397392445537	 -0.0007036650312517496	 -0.009226079237897733	 33.0037930435523 	 -0.007800620368440607
	 0.0006194995946847786	 -0.0008667450454882409	 0.9997184911744615	 0.007020325494386317	 -0.009854256204665179	 32.99683371111907
	 0.9998589140332944	 -0.0009821516412895353	 0.0005810320553775698	 33.99823356221313	 -0.01111248367546953	 0.006686382142480336
	 -0.0009024180334537343	 1.00041989151006 	 -0.0007465740838937372	 -0.01007125923667363	 34.00411897686146	 -0.00852073567863257
	 0.0006590601466785826	 -0.0009216532263389011	 0.9997027164988211	 0.007704903554556113	 -0.01080478149540866	 33.99657227401889
	 0.9998507395562881	 -0.001040672838221671	 0.0006163142780618345	 34.99808192405079	 -0.01212017673421777	 0.007304601948966274
	 -0.0009552051686760486	 1.000442864378849	 -0.0007907118617641441	 -0.01096491776681787	 35.00446013580999	 -0.009282946379767553
	 0.000699950627629792	 -0.0009783661527296859	 0.9996866283628042	 0.008434615520508455	 -0.01181686164095779	 34.99629918901341
	 0.9998423504937624	 -0.001100882012187789	 0.0006526722706733885	 35.99792211219543	 -0.01318691524559368	 0.007960444103629661
	 -0.001009408400507406	 1.000466296270487	 -0.0008360727913247107	 -0.01190816599710939	 36.00481645064141	 -0.01008829333878852
	 0.0007421824514828795	 -0.001036896846059019	 0.9996702385999877	 0.009211186782844796	 -0.01289275883404076	 35.9960145290972 
	 0.9998337482188221	 -0.001162778775424072	 0.0006901091291615301	 36.99775394134792	 -0.01431436979387606	 0.008655094151845054
	 -0.001065018449408465	 1.000490171993215	 -0.0008826509841270626	 -0.01290208526182837	 37.00518780634876	 -0.01093779516902739
	 0.0007857673739546282	 -0.001097258750350969	 0.9996535593747511	 0.01003637761549167	 -0.01403477639133727	 36.99571840181264
	 0.9998249341207374	 -0.001226362755613605	 0.0007286279641569806	 37.99757722878328	 -0.01550421055368885	 0.009389744281865784
	 -0.001122025641239654	 1.00051447586051 	 -0.0009304401800775406	 -0.0139477237283689	 38.00557403831259	 -0.01183244521410255
	 0.0008307175641421779	 -0.00115946582721309	 0.9996366032458238	 0.01091198681978274	 -0.0152452635008958	 37.99541095253516
	 0.9998159096045843	 -0.001291633595333144	 0.0007682319007079867	 38.99739179435502	 -0.01675810730815756	 0.01016559335607527
	 -0.00118041989741794	 1.000539191679911	 -0.0009794337371562848	 -0.01504609485252704	 39.00597493037196	 -0.01277321006510849
	 0.0008770456132026884	 -0.001223532565370369	 0.9996193831756289	 0.011839853272242	 -0.01652661711600037	 38.99509236595724
	 0.9998066760901276	 -0.001358590950477326	 0.0008089240773546221	 39.99719746046881	 -0.01807772942544771	 0.01098384691575757
	 -0.001240190734019087	 1.000564302753989	 -0.001029624628851105	 -0.01619817613938881	 40.00639021331909	 -0.01376102833421213
	 0.0009247645326300537	 -0.001289473976090312	 0.9996019125306393	 0.01282185710604763	 -0.01788128334317786	 39.99476286726332
	 0.9997972350107039	 -0.001427234488692574	 0.0008507076451970948	 40.99699405205185	 -0.01946474582933199	 0.01184571718197834
	 -0.001301327260889547	 1.000589791881341	 -0.00108100544159786	 -0.01740490790171493	 41.00681956339975	 -0.01479680941879093
	 0.0009738877525246288	 -0.001357305588615886	 0.9995842050817138	 0.01385992088465117	 -0.01931175881111989	 40.99442272330505
	 0.9997875878121055	 -0.001497563887819642	 0.0008935857669574109	 41.99678139651786	 -0.02092082496379368	 0.01275242305252051
	 -0.001363818180777862	 1.000615641357607	 -0.001133568372236245	 -0.01866719201630153	 42.0072626008199 	 -0.01588143225652948
	 0.001024429119844703	 -0.001427043445591011	 0.9995662750044025	 0.01495601076703373	 -0.02082059201989866	 41.9940722437764 
	 0.9997777359514307	 -0.001569578834299948	 0.0009375616160051904	 42.9965593237264 	 -0.02244763474981751	 0.01370519009360842
	 -0.001427651788913409	 1.000641832977092	 -0.001187305225855285	 -0.0199858906965188	 43.00771888828302	 -0.01701574408738522
	 0.00107640289614889	 -0.001498704097820508	 0.9995481368787946	 0.01611213764374661	 -0.02241038464260042	 42.9937117823702 
	 0.9997676808959098	 -0.001643279021557026	 0.0009826383753546717	 43.99632766593663	 -0.02404684253471852	 0.01470525052657242
	 -0.001492815972948401	 1.000668348034868	 -0.001242207413957857	 -0.02136182527927185	 44.00818792955577	 -0.01820055922099016
	 0.001129823754929855	 -0.001572304598503041	 0.9995298056889891	 0.01733035824594963	 -0.02408379278258125	 43.99334173791799
	 0.9997574241217867	 -0.001718664148460925	 0.001028819236703267	 44.99608625775899	 -0.02572011503859772	 0.01575384321238511
	 -0.001559298212239992	 1.000695167327999	 -0.001298265952049613	 -0.02279577498352627	 45.00866916800439	 -0.01943665777201548
	 0.001184706779714258	 -0.001647862498513365	 0.9995112968232196	 0.01861277627670996	 -0.02584352825254407	 44.99296255555616
	 0.9997469671132158	 -0.001795733917822089	 0.001076107399477225	 45.99583493610328	 -0.02746911829593159	 0.01685221363272502
	 -0.001627085576954766	 1.000722271156518	 -0.001355471457071495	 -0.02428847565887111	 46.00916198512665	 -0.02072478437956005
	 0.001241067462371044	 -0.001725395841982	 0.9994926260741468	 0.01996154354321839	 -0.02769235984676363	 45.99257472789963
	 0.999736311361161	 -0.001874488034895098	 0.001124506069871746	 46.99557354012242	 -0.02929551759155442	 0.01800161386702946
	 -0.001696164727177382	 1.00074963932442 	 -0.001413814144834341	 -0.02584061853152524	 47.00966569908953	 -0.02206564691700824
	 0.001298921701418763	 -0.001804923161890512	 0.9994738096391357	 0.0213788610814237	 -0.02963311459510477	 46.99217879621569
	 0.9997254583623001	 -0.001954926205899658	 0.001174018459888725	 47.99530191115228	 -0.03120097739143661	 0.01920330256566037
	 -0.001766521911967228	 1.000777251140552	 -0.001473283827411893	 -0.0274528489451682	 48.0101795632675 	 -0.02345991519031554
	 0.001358285800395513	 -0.001886463475799573	 0.9994548641205685	 0.02286698027607897	 -0.03166867900444204	 47.99177535160023
	 0.9997144096275141	 -0.002037048149305303	 0.001224647794839173	 48.99501989310762	 -0.03318716188376191	 0.02045854532810658
	 -0.001838142832944195	 1.000805085239239	 -0.001533869790807209	 -0.02912575855721477	 49.01070275607872	 -0.02490821384513072
	 0.001419176619362967	 -0.001970036485372197	 0.9994358066614788	 0.02442821136805602	 -0.03380201012213726	 48.99136504268702
	 0.9997031667062037	 -0.002120853628093347	 0.001276397334889282	 49.99472733366485	 -0.035255736584573	 0.0217686157939797
	 -0.001911012275247265	 1.000833119092608	 -0.0015955604660784	 -0.03085986567858885	 50.01123435509259	 -0.02641110474718182
	 0.001481611987899049	 -0.002055663122463923	 0.9994166553133447	 0.02606494528127041	 -0.0360361642517182	 49.99094859516612
	 0.9996917311925976	 -0.002206342457948071	 0.00132927038078465	 50.99442408462397	 -0.03740836886657677	 0.02313479602728736
	 -0.001985113978194483	 1.00086132884361 	 -0.001658343310788877	 -0.03265560615491758	 51.01177332523886	 -0.02796907860177131
	 0.00154561084471567	 -0.002143365729515042	 0.9993974291639689	 0.02777966339701797	 -0.03837430953066781	 50.99052682072055
	 0.9996801047228299	 -0.002293514503150729	 0.001383270271423596	 51.99411000182749	 -0.03964672789970855	 0.02455837651200963
	 -0.002060430633212595	 1.000889689308889	 -0.001722204802578338	 -0.03451333015991197	 52.01231851492486	 -0.02958255176517724
	 0.00161119323289027	 -0.002233168047317801	 0.9993781483381189	 0.02957494059295424	 -0.04081972950109811	 51.99010062004305
	 0.9996682889720201	 -0.002382369672496683	 0.001438400381414299	 52.99378494506823	 -0.04197248457640006	 0.02604065613727279
	 -0.002136943881823998	 1.000918173981729	 -0.001787130432780301	 -0.03643329898545914	 53.01286865217207	 -0.03125186303428296
	 0.001678380295045939	 -0.002325095202750618	 0.9993588339980842	 0.0314534482584628	 -0.04337582662675447	 52.98967098585034
	 0.9996562856513549	 -0.002472907915236796	 0.00149466411861599	 53.99344877798585	 -0.04438731142173555	 0.02758294217205638
	 -0.002214634313689638	 1.000946755035089	 -0.001853104700087267	 -0.03841568182869953	 54.01342234077197	 -0.03297727041476543
	 0.001747194268482199	 -0.002419173696494136	 0.9993395083441526	 0.03341795728622448	 -0.04604612575690163	 53.98923900589433
	 0.9996440964935747	 -0.002565129201724852	 0.001552064911313545	 54.99310136732519	 -0.04689288165726258	 0.02918654966731148
	 -0.002293481644053615	 1.00097540356159 	 -0.001920111264335971	 -0.0404605623122373	 55.01397806932174	 -0.03475895655896413
	 0.00181765828004698	 -0.002515431126282851	 0.9993201944363079	 0.03547133017129072	 -0.04883426318359959	 54.98880585627048
	 0.9996317231969899	 -0.002659033449509438	 0.001610606158248892	 55.99274257989354	 -0.04949086519668899	 0.0308527987696545
	 -0.002373465549462506	 1.00100409067993 	 -0.001988133689641946	 -0.04256798181613528	 56.0145342687704 	 -0.03659706713631512
	 0.0018897954086936	 -0.002613894946337128	 0.9993009153602407	 0.0376164721281663	 -0.05174392173360928	 55.98837275808793
	 0.9996191673962209	 -0.002754620484985715	 0.001670291202272517	 56.99237228084741	 -0.05218292635411957	 0.03258301317008797
	 -0.002454566129146783	 1.001032788142936	 -0.002057155857026559	 -0.04473796497903394	 57.01508934627498	 -0.03849173345419996
	 0.001963628171748392	 -0.002714591790815088	 0.9992816937674924	 0.03985630242015915	 -0.05477879276478737	 56.98794095203381
	 0.9996064306629296	 -0.002851890044718286	 0.001731123330697346	 57.99199033356705	 -0.05497072364076053	 0.03437851995699408
	 -0.002536763915583117	 1.001061468349161	 -0.002127161975820202	 -0.04697052156245146	 58.0156416877963 	 -0.0404430740397352
	 0.002039178516384858	 -0.002817547465648842	 0.9992625518652454	 0.04219375219024909	 -0.05794257322373313	 57.98751169653502
	 0.9995935145072329	 -0.002950841777660656	 0.001793105776268575	 58.99159659957319	 -0.05785590961841872	 0.03624064950587189
	 -0.002620039874553589	 1.00109010434052 	 -0.002198136585717013	 -0.04926564775446825	 59.01618965993936	 -0.04245119573052656
	 0.002116467822829878	 -0.002922786955955706	 0.9992435114165746	 0.04463176293128432	 -0.06123896356479959	 58.98708626647945
	 0.9995804203791164	 -0.003051475247364804	 0.001856241718143038	 59.99119093844897	 -0.06084013076138835	 0.03817073537350077
	 -0.002704375405081621	 1.001118669799764	 -0.002270064558715556	 -0.05162332746597845	 60.01673161177421	 -0.04451619476666989
	 0.002195516907690796	 -0.003030334433579385	 0.9992245937408326	 0.04717328497660549	 -0.06467166570725699	 59.98666595194604
	 0.9995671496709809	 -0.003153789935664176	 0.001920534283897571	 60.99077320783566	 -0.06392502741606643	 0.04017011425806029
	 -0.002789752319972172	 1.001147139022532	 -0.002342931083575609	 -0.05404353245701367	 61.01726587511308	 -0.04663815683594394
	 0.002276346048652417	 -0.003140213292622717	 0.9992058197333168	 0.04982127729273774	 -0.06824438271049636	 60.98625205809901
	 0.9995537037296705	 -0.003257785258731824	 0.001985986560112781	 61.99034326401084	 -0.06711223452934743	 0.04224012649014171
	 -0.002876152661592916	 1.00117548667418 	 -0.002416721501417697	 -0.05652621234267713	 62.01779075155428	 -0.04881714798239709
	 0.002358975190395647	 -0.003252446421673627	 0.9991872100486896	 0.0525787184168284	 -0.07196083301605724	 61.98584591513791
	 0.9995400838668426	 -0.003363460580896495	 0.002052601601519834	 62.98990096239518	 -0.07040338229612528	 0.04438211647273473
	 -0.002963558535269438	 1.001203687570745	 -0.002491421156287074	 -0.05907128503710427	 63.01830450013986	 -0.05105320586545003
	 0.002443424129650346	 -0.003367056447525852	 0.9991687852666128	 0.05544861683313285	 -0.07582476389788483	 62.98544888777894
	 0.9995262913600119	 -0.003470815216213708	 0.002120382431766717	 63.98944615751248	 -0.07380009609600509	 0.04659743263316437
	 -0.003051952096187208	 1.001231716661394	 -0.002567015383666155	 -0.06167863613902253	 64.01880533673786	 -0.05334633906061851
	 0.002529712530264361	 -0.003484065755782678	 0.9991505659046317	 0.05843401145063543	 -0.0798399519290159	 63.98506237582848
	 0.9995123274528077	 -0.003579848429003983	 0.00218933204347966	 64.98897870290412	 -0.07730399637099861	 0.04888742733349391
	 -0.003141315549429564	 1.001259549028108	 -0.002643489510807613	 -0.06434811909667155	 65.01929143444539	 -0.05569652706304812
	 0.002617859923756313	 -0.003603496492404257	 0.9991325724180007	 0.06153797122193973	 -0.0840102023246216	 64.98468781398088
	 0.9994981933552309	 -0.003690559434387496	 0.002259453398325438	 65.98849845104438	 -0.08091669850520557	 0.05125345678126522
	 -0.003231631150015546	 1.001287159885369	 -0.002720828857067622	 -0.06707955537308284	 66.0197609239908 	 -0.05810372029255896
	 0.002707885709866131	 -0.003725370565246728	 0.9991148251995107	 0.06476359476412595	 -0.08833934829055894	 65.98432667161559
	 0.9994838902446485	 -0.003802947399777625	 0.002330749427746382	 66.98800525330564	 -0.08463981277017203	 0.05369688098509532
	 -0.003322881188933032	 1.0013145245616  	 -0.002799018721500157	 -0.06987273368429535	 67.02021189292674	 -0.06056783925617924
	 0.002799809172352082	 -0.003849709665463105	 0.9990973445931892	 0.06811401099138142	 -0.09283125169271776	 66.98398045351249
	 0.999469419287277	 -0.003917011472933221	 0.002403223052379804	 67.98749896129178	 -0.08847494605556357	 0.05621906496629757
	 -0.003415047583662596	 1.001341617967864	 -0.002878044009793489	 -0.07272738267232788	 68.0206423503848 	 -0.06308874947897421
	 0.002893649924579481	 -0.003976535846080043	 0.9990801512999267	 0.07159240861813128	 -0.09748984114428522	 67.98365072689221
	 0.9994547816712042	 -0.004032750824810321	 0.002476877212111516	 68.98697942899092	 -0.09242370469700022	 0.05882138075738293
	 -0.003508111216830713	 1.001368413742982	 -0.002957888629232984	 -0.07564312512529855	 69.02105016806601	 -0.06566621945953824
	 0.002989428625314341	 -0.004105872447690031	 0.9990632670320028	 0.07520208547965744	 -0.1023191755747092	 68.98333916665521
	 0.9994399786096899	 -0.004150164653736884	 0.002551714869150636	 69.98644651299706	 -0.09648769481966653	 0.06150520766703628
	 -0.003602051814134001	 1.00139488410078 	 -0.003038535372775771	 -0.07861946660321723	 70.02143306600188	 -0.0682999098360363
	 0.003087167104374768	 -0.004237744255822175	 0.999046714632324	 0.0789464601711185	 -0.1073234587456797	 69.98304756641404
	 0.9994250113380216	 -0.004269252181223324	 0.002627739005227035	 70.98590007229717	 -0.100668522119446	 0.06427193215022373
	 -0.003696847942502166	 1.001420999833797	 -0.003119965912407061	 -0.08165579190890927	 71.02178860854112	 -0.07098936966646245
	 0.003186888357119458	 -0.004372177487712752	 0.9990305180744076	 0.08282907509931305	 -0.1125070425783656	 70.98277784173284
	 0.9994098811103745	 -0.004390012647801369	 0.002704952618774259	 71.98533996804653	 -0.1049677916293896	 0.06712294766629259
	 -0.003792477008311136	 1.001446730317036	 -0.003202160792543246	 -0.08475136155810276	 72.02211420036049	 -0.07373403268784066
	 0.003288616538897996	 -0.004509199779079436	 0.9990147024622877	 0.08685359950717081	 -0.1178744304239483	 71.98253203335997
	 0.9993945891966765	 -0.004512445308891107	 0.002783358722097953	 72.98476606333237	 -0.1093871074716658	 0.07005965452500186
	 -0.003888915255651759	 1.001472043511803	 -0.003285099423487189	 -0.08790530824937283	 73.02240708250052	 -0.07653321355503
	 0.003392376959457672	 -0.004648840170893155	 0.9989992940303382	 0.09102383247036987	 -0.1234302802769856	 72.98231231045303
	 0.9993791368758149	 -0.004636549425984329	 0.002862960335159275	 73.98417822265958	 -0.1139280722512162	 0.07308345947406576
	 -0.003986137844097236	 1.001496906071816	 -0.003368760148056706	 -0.09111663913658544	 74.02266433588926	 -0.07938610940303735
	 0.003498195992022782	 -0.004791128986419965	 0.9989843200645141	 0.09534369963692156	 -0.1291793999215212	 73.98212096806043
	 0.9993635254211843	 -0.004762324248037274	 0.002943760472263258	 74.98357631085732	 -0.1185922856959426	 0.07619577474063227
	 -0.004084119100994867	 1.001521283672941	 -0.003453120469459233	 -0.0943842512340525	 75.02288290172412	 -0.08229181352572305
	 0.003606100795909741	 -0.004936097469391784	 0.9989698086512699	 0.09981723590533785	 -0.1351267240443295	 74.98196041163497
	 0.9993477560938852	 -0.004889769002780088	 0.003025762135730726	 75.98296019251322	 -0.1233813439657884	 0.07939801754355579
	 -0.004182832622968259	 1.001545141147793	 -0.003538157141406274	 -0.09770693652082689	 76.02305958856078	 -0.08524931962147321
	 0.003716119202641474	 -0.005083777633787978	 0.9989557885758242	 0.1044485792564105	 -0.1412773057587875	 75.98183315176827
	 0.9993318301408349	 -0.005018882894370247	 0.003108968314067754	 76.98232973175212	 -0.1282968394044609	 0.08269160991926214
	 -0.004282251274810125	 1.00156844248807 	 -0.003623846164039388	 -0.1010833797299316	 77.02319106999674	 -0.08825751930629082
	 0.003828279712634109	 -0.005234202256175152	 0.998942289321897	 0.1092419724502958	 -0.1476363182486727	 76.98174180616226
	 0.9993157487928933	 -0.005149665101078381	 0.003193381980137217	 77.98168479200868	 -0.1333403602844082	 0.08607797854064468
	 -0.004382347188136809	 1.001591150846552	 -0.00371016277964106	 -0.1045121561172831	 78.02327388234252	 -0.09131519959589758
	 0.003942611492146894	 -0.00538740486844042	 0.9989293410716601	 0.1142017647285855	 -0.1542090564084297	 77.98168910161495
	 0.9992995132629899	 -0.005282114772990199	 0.0032790060893218	 78.98102523579308	 -0.1385134905439659	 0.08955855452818931
	 -0.004483091760056521	 1.001613228539129	 -0.003797081468358261	 -0.1079917292285914	 79.02330442230597	 -0.09442104037337731
	 0.00405914437022439	 -0.005543419750545175	 0.9989169747056562	 0.1193324135017648	 -0.161000938453076	 78.98167787600248
	 0.9992831247449405	 -0.005416231030600719	 0.003365843578316026	 79.98035092450381	 -0.1438178095859513	 0.09313477330371343
	 -0.004584455634801607	 1.001634637025065	 -0.003884575928098892	 -0.1115204473171138	 80.02327894297022	 -0.09757361058983724
	 0.004177908853704343	 -0.005702281946379234	 0.9989052218194767	 0.1246384874501212	 -0.1680175093202559	 79.98171108158505
	 0.9992665844171795	 -0.005552012969676886	 0.003453897368484376	 80.9796617186236 	 -0.1492548925696891	 0.09680807480355481
	 -0.004686408559735599	 1.001655336727388	 -0.003972618937456765	 -0.1150965296835118	 81.02319353696554	 -0.1007713550625324
	 0.004298936275069183	 -0.005864027448707604	 0.9988941148641093	 0.1301246802645796	 -0.1752644575929612	 80.98179179823234
	 0.9992498934450639	 -0.005689459664279519	 0.003543170367904652	 81.97895747780454	 -0.1548263105710443	 0.100579903597097
	 -0.004788919265802897	 1.001675286885248	 -0.004061182240675139	 -0.1187180544779821	 82.02304412157378	 -0.1040125825682718
	 0.004422258913356304	 -0.006028693348957424	 0.9988836872619397	 0.1357958227360828	 -0.1827476302408897	 81.98192324516998
	 0.999233052978553	 -0.005828570163890546	 0.003633665469112225	 82.97823806058403	 -0.1605336302757975	 0.1044517086639315
	 -0.0048919554577376	 1.001694445546624	 -0.004150236534291208	 -0.1223829549529291	 83.02282643464879	 -0.1072954617555013
	 0.004547909998241893	 -0.006196317837654144	 0.998873973414491	 0.1416568858259101	 -0.1904730358215589	 82.98210878437374
	 0.9992160641495647	 -0.005969343490143032	 0.003725385546527776	 83.9775033240653 	 -0.1663784136292482	 0.1084249431362927
	 -0.00499548381227299	 1.001712769571272	 -0.004239751461202068	 -0.1260890163361737	 84.02253603135168	 -0.1106180176148265
	 0.004675923705636979	 -0.006366940194046055	 0.998865008702256	 0.1477129830533687	 -0.1984468467926988	 83.98235192334378
	 0.9991989280693334	 -0.006111778633574093	 0.003818333453873319	 84.97675312358814	 -0.1723622174749448	 0.1125010640305278
	 -0.005099469976374621	 1.001730214633694	 -0.004329695604753822	 -0.1298338727022715	 85.02216828090542	 -0.1139781279301876
	 0.004806335153269094	 -0.006540600775753314	 0.9988568294844791	 0.1539693728620986	 -0.2066754017811108	 84.98265631787289
	 0.9991816458257914	 -0.006255874550422089	 0.003912512021592444	 85.97598731239145	 -0.1784865931844859	 0.1166815319689034
	 -0.005203878565011078	 1.001746735225521	 -0.00442003648239787	 -0.133615003800848	 86.02171836331669	 -0.1173735196720789
	 0.004939180396758467	 -0.006717341009089363	 0.9988494730993678	 0.1604314610081117	 -0.2151652078630447	 85.98302577484866
	 0.9991642184816862	 -0.006401630160374537	 0.004007924054949104	 86.97520574132871	 -0.1847530863562694	 0.1209678109496614
	 -0.005308673137138873	 1.001762284630381	 -0.004510740518885399	 -0.1374297300115014	 87.02118126375488	 -0.1208017636118322
	 0.005074496448469133	 -0.006897203408191147	 0.9988429778856609	 0.1671048048822422	 -0.223922945269534	 86.98346425688769
	 0.9991466470732453	 -0.006549044345017047	 0.004104572332627429	 87.9744082586211 	 -0.1911632365654563	 0.1253613681527195
	 -0.005413816153206207	 1.001776814875581	 -0.004601773001977798	 -0.1412752056230905	 88.0205517648498 	 -0.124260267332534
	 0.005212321315492192	 -0.007080231618190058	 0.9988373832222639	 0.1739951195439782	 -0.2329554742214135	 87.98397588860128
	 0.9991289326076664	 -0.006698115944812676	 0.004202459604219168	 88.97359470950209	 -0.1977185769797035	 0.1298636736427756
	 -0.005519268964497437	 1.001790276724187	 -0.00469309806790583	 -0.1451484147317322	 89.01982444233057	 -0.1277462706706686
	 0.005352694004125226	 -0.007266470415918023	 0.9988327295365461	 0.1811082809740092	 -0.2422698382221563	 88.98456496027246
	 0.9991110760603018	 -0.006848843755710761	 0.00430158858740722	 89.97276493582535	 -0.2044206339306494	 0.1344762000359478
	 -0.00562499181129718	 1.001802619678285	 -0.004784678695089956	 -0.1490461678760785	 90.01899366162108	 -0.1312568418301487
	 0.005495654515111751	 -0.007455965698950594	 0.9988290583039462	 0.188450328528727	 -0.2518732663236488	 89.98523593079888
	 0.9990930783718452	 -0.007001226525780098	 0.004401961965137245	 90.97191877566235	 -0.2112709264744368	 0.1392004221544556
	 -0.005730943821079984	 1.001813791982268	 -0.004876476697885924	 -0.1529650986713619	 91.01805357445726	 -0.134788873476316
	 0.005641243838865512	 -0.00764876447467674	 0.9988264120475268	 0.1960274673714558	 -0.2617731753459697	 90.9859934306279 
	 0.9990749404455247	 -0.007155262951866479	 0.004503582382777469	 91.97105606288991	 -0.2182709659414144	 0.1440378166692997
	 -0.005837083006726444	 1.001823740626155	 -0.004968452720357029	 -0.1569016604424697	 92.01699811552635	 -0.1383390788102014
	 0.005789503950678863	 -0.007844914849395718	 0.9988248343374759	 0.2038460708802521	 -0.2719771720513054	 91.98684226468356
	 0.9990566631450888	 -0.00731095167726451	 0.004606452446015211	 92.97017662683959	 -0.225422255565836	 0.1489898617996364
	 -0.005943366236680403	 1.001832411313732	 -0.005060566203457476	 -0.1608521202805179	 93.01582099590294	 -0.141903985179262
	 0.005940477834901905	 -0.008044466053777618	 0.9988243698180259	 0.2119126856905486	 -0.2824930586007015	 92.98778741780713
	 0.9990382472957919	 -0.007468291293154549	 0.004710574721586518	 93.96928029221172	 -0.2327262904535443	 0.1540580372659108
	 -0.006049749092807101	 1.001839748290373	 -0.005152775245518819	 -0.1648125426236604	 94.01451568342787	 -0.1454799177047881
	 0.00609420962465606	 -0.008247468612734661	 0.9988250643441096	 0.2202340474903769	 -0.2933288514156611	 93.98883407043519
	 0.9990196936833436	 -0.007627280337487936	 0.004815951736073494	 94.96836687879609	 -0.2401845573162503	 0.1592438240646535
	 -0.006156185786923157	 1.00184569424506 	 -0.00524503651775022	 -0.1687787777995073	 95.01307538937715	 -0.1490629875445283
	 0.006250744680097351	 -0.008453974437635202	 0.9988269650603504	 0.2288170915846754	 -0.3044927934114318	 94.98998760937681
	 0.9990010030505055	 -0.00778791729094089	 0.004922585972458585	 95.96743620096638	 -0.24779853392677	 0.164548704027927
	 -0.006262629156302092	 1.001850190311594	 -0.005337305254383922	 -0.1727464576607478	 96.01149306405541	 -0.1526490868453607
	 0.00641012958486536	 -0.008664036815823216	 0.998830120402681	 0.2376689560800932	 -0.3159933569535164	 95.99125363162213
	 0.998982176093629	 -0.007950200572817315	 0.005030479866603714	 96.96648806715632	 -0.2555696885538775	 0.1699741593623505
	 -0.006369030661420448	 1.001853176072623	 -0.005429535244942897	 -0.1767109914201374	 97.00976139266893	 -0.1562338838616226
	 0.00657241214022883	 -0.008877710397292836	 0.9988345800977364	 0.2467969848336286	 -0.3278392464971683	 96.9926379479441 
	 0.9989632134591988	 -0.008114128536981364	 0.005139635803715223	 97.96552227932348	 -0.263499479384282	 0.1755216721731832
	 -0.006475340383729295	 1.001854589563695	 -0.005521678826534653	 -0.1806675614839333	 98.00787279122542	 -0.1598128180487281
	 0.006737641359218826	 -0.009095051181404034	 0.9988403951621888	 0.2562087303729988	 -0.3400394011717596	 97.99414658649022
	 0.9989441157403833	 -0.008279699467821592	 0.005250056114796179	 98.9645386324006 	 -0.2715893539320861	 0.1811927239735644
	 -0.00658150702338603	 1.001854367277261	 -0.00561368687610975	 -0.1846111192776216	 99.00581940245291	 -0.163381095126247
	 0.006905867460815979	 -0.009316116503722298	 0.9988476179020886	 0.2659119567951537	 -0.3526029973182659	 98.99578579637001
	 0.9989248834736233	 -0.008446911576285018	 0.005361743073115831	 99.9635369137379 	 -0.2798407484396733	 0.1869887951817935
	 -0.006687477895547798	 1.001852444164897	 -0.005705508801345939	 -0.1885363809262013	 100.0035930915671	 -0.1669336819783781
	 0.007077141865616078	 -0.009540965024749238	 0.9988563019135742	 0.2759146427832933	 -0.3655394511540229	 99.99756205137282
	 0.9989055171352368	 -0.008615762995954476	 0.005474698890676232	 100.9625169025341	 -0.2882550872677298	 0.1929113646047396
	 -0.006793198925956369	 1.001848753638641	 -0.005797092530848178	 -0.1924378228556307	 101.0011854419704	 -0.1704653014548454
	 0.007251517192219268	 -0.009769656719597102	 0.9988665020842374	 0.2862249846735435	 -0.3788584214786893	 100.9994820537502
	 0.9988860171379819	 -0.00878625177909538	 0.005588925714619097	 101.9614783692504	 -0.2968337822672911	 0.1989619089016927
	 -0.006898614648481915	 1.001843227574777	 -0.005888384506220317	 -0.1963096775779846	 101.9985877512083	 -0.1739704273241203
	 0.007429047251625716	 -0.01000225286523666	 0.9988782745925414	 0.2968513993039071	 -0.392569812090437	 102.0015527378064
	 0.9988663838276161	 -0.008958375892721139	 0.005704425623610771	 102.9604210750118	 -0.3055782321386682	 0.2051419020322109
	 -0.007003668203071457	 1.00183579631811 	 -0.005979329674526699	 -0.2001459295129092	 102.9957910269995	 -0.1774432792381873
	 0.007609787041232386	 -0.01023881602730618	 0.9988916769068111	 0.3078025267968682	 -0.4066837741010618	 103.0037812734412
	 0.9988466174794618	 -0.009132133214688304	 0.005821200624213998	 103.9593447709954	 -0.314489821778502	 0.2114528146887506
	 -0.007108301333729115	 1.001826388686282	 -0.006069871480788702	 -0.2039403108095471	 103.9927859832946	 -0.1808778176747013
	 0.007793792738812293	 -0.01047941004695632	 0.99890676778416 	 0.3190872333124161	 -0.4212107081959922	 104.0061750696805
	 0.9988267182949777	 -0.009307521529821432	 0.005939252647246675	 104.9582491978073	 -0.3235699216151194	 0.2178961137140487
	 -0.0072124543865278	 1.001814931974118	 -0.006159951860516428	 -0.2076862971691197	 104.9895630363652	 -0.1842677388567702
	 0.007981121696476788	 -0.01072410002773118	 0.9989236072693533	 0.3307146137714422	 -0.4361612668393786	 105.0087417781928
	 0.9988066864006243	 -0.009484538528884269	 0.006058583546337591	 105.9571340850846	 -0.3328198872257536	 0.2244732617343093
	 -0.007316066167519827	 1.001801351785466	 -0.006249511096903991	 -0.2113770890446463	 105.9861122829459	 -0.1876064554977836
	 0.008171832575440043	 -0.01097295249586837	 0.9989422568296427	 0.3426940092448229	 -0.4515463744862317	 106.0114893110146
	 0.9987865218543973	 -0.009663181816977583	 0.00617919510388578	 106.9559991518757	 -0.3422410599367223	 0.2311857175655347
